%YAML:1.0
---
KeyPoints:
   - [ 1.2657032012939453e+02, 3.6373446655273438e+02,
       3.5494782924652100e+00, 8.0830444335937500e+01,
       5.7854350656270981e-02, 1638656, -1 ]
   - [ 1.2657032012939453e+02, 3.6373446655273438e+02,
       3.5494782924652100e+00, 2.7765545654296875e+02,
       5.7854350656270981e-02, 1638656, -1 ]
   - [ 1.2570668792724609e+02, 3.4175259399414062e+02,
       4.0884132385253906e+00, 8.4983215332031250e+01,
       5.3090590983629227e-02, 15270144, -1 ]
   - [ 1.0586674499511719e+02, 3.4218997192382812e+02,
       3.9434487819671631e+00, 9.3391418457031250e+01,
       5.1674686372280121e-02, 11796736, -1 ]
   - [ 1.2680464172363281e+02, 3.2167538452148438e+02,
       2.5250146389007568e+00, 3.5160461425781250e+02,
       4.8818379640579224e-02, 2229247, -1 ]
   - [ 1.2680464172363281e+02, 3.2167538452148438e+02,
       2.5250146389007568e+00, 1.8488508605957031e+02,
       4.8818379640579224e-02, 2229247, -1 ]
   - [ 1.0446659851074219e+02, 3.5257461547851562e+02,
       2.5075423717498779e+00, 1.8487632751464844e+02,
       4.7131534665822983e-02, 1573887, -1 ]
   - [ 1.0446659851074219e+02, 3.5257461547851562e+02,
       2.5075423717498779e+00, 3.5046685791015625e+02,
       4.7131534665822983e-02, 1573887, -1 ]
   - [ 1.0352348327636719e+02, 3.2240515136718750e+02,
       2.3839797973632812e+00, 1.8596234130859375e+02,
       4.6963877975940704e-02, 13370111, -1 ]
   - [ 1.0352348327636719e+02, 3.2240515136718750e+02,
       2.3839797973632812e+00, 3.5142980957031250e+02,
       4.6963877975940704e-02, 13370111, -1 ]
   - [ 1.1519570159912109e+02, 3.4173352050781250e+02,
       4.6433272361755371e+00, 8.9964569091796875e+01,
       4.6891041100025177e-02, 10813952, -1 ]
   - [ 1.0645143890380859e+02, 3.6412997436523438e+02,
       4.3048052787780762e+00, 1.8044813537597656e+02,
       4.6872105449438095e-02, 3539456, -1 ]
   - [ 1.0534155273437500e+02, 3.7516574096679688e+02,
       2.6772875785827637e+00, 5.6935119628906250e+00,
       4.6004261821508408e-02, 7865343, -1 ]
   - [ 1.0534155273437500e+02, 3.7516574096679688e+02,
       2.6772875785827637e+00, 1.6582913208007812e+02,
       4.6004261821508408e-02, 7865343, -1 ]
   - [ 1.6288252258300781e+02, 3.3838317871093750e+02,
       4.1102199554443359e+00, 9.7552429199218750e+01,
       4.3887261301279068e-02, 15794432, -1 ]
   - [ 1.4168534851074219e+02, 3.3885757446289062e+02,
       4.1090502738952637e+00, 2.7419573974609375e+02,
       4.3033480644226074e-02, 15728896, -1 ]
   - [ 1.4168534851074219e+02, 3.3885757446289062e+02,
       4.1090502738952637e+00, 7.8636993408203125e+01,
       4.3033480644226074e-02, 15728896, -1 ]
   - [ 1.6278552246093750e+02, 3.1813345336914062e+02,
       4.1240229606628418e+00, 5.2149902343750000e+01,
       4.2917020618915558e-02, 16122112, -1 ]
   - [ 1.0955683898925781e+02, 3.3673394775390625e+02,
       4.7918076515197754e+00, 2.4824214172363281e+02,
       4.2447317391633987e-02, 13894144, -1 ]
   - [ 1.2117938232421875e+02, 3.3625494384765625e+02,
       5.1112341880798340e+00, 2.5766192626953125e+02,
       4.0050122886896133e-02, 3408640, -1 ]
   - [ 1.2117938232421875e+02, 3.3625494384765625e+02,
       5.1112341880798340e+00, 2.9267602539062500e+02,
       4.0050122886896133e-02, 3408640, -1 ]
   - [ 1.2117938232421875e+02, 3.3625494384765625e+02,
       5.1112341880798340e+00, 3.4757354736328125e+02,
       4.0050122886896133e-02, 3408640, -1 ]
   - [ 1.1519279479980469e+02, 3.3540344238281250e+02,
       2.6147577762603760e+00, 1.8105477905273438e+02,
       3.8463439792394638e-02, 5571583, -1 ]
   - [ 1.1519279479980469e+02, 3.3540344238281250e+02,
       2.6147577762603760e+00, 3.5773483276367188e+02,
       3.8463439792394638e-02, 5571583, -1 ]
   - [ 1.4036312866210938e+02, 3.1984918212890625e+02,
       3.8079781532287598e+00, 3.2509100341796875e+02,
       3.8452599197626114e-02, 8388864, -1 ]
   - [ 1.4036312866210938e+02, 3.1984918212890625e+02,
       3.8079781532287598e+00, 1.3694166564941406e+02,
       3.8452599197626114e-02, 8388864, -1 ]
   - [ 1.6231378173828125e+02, 1.9327191162109375e+02,
       2.4752738475799561e+00, 4.3037414550781250e+00,
       3.8213513791561127e-02, 328703, -1 ]
   - [ 1.6132975769042969e+02, 1.7564578247070312e+02,
       2.4577550888061523e+00, 1.9479032897949219e+02,
       3.8089897483587265e-02, 16319231, -1 ]
   - [ 1.6132975769042969e+02, 1.7564578247070312e+02,
       2.4577550888061523e+00, 6.5044555664062500e+00,
       3.8089897483587265e-02, 16319231, -1 ]
   - [ 1.6310667419433594e+02, 2.1100366210937500e+02,
       2.4253780841827393e+00, 4.1612548828125000e+00,
       3.7784539163112640e-02, 15074047, -1 ]
   - [ 1.1862261962890625e+02, 3.3839431762695312e+02,
       2.7026047706604004e+00, 2.7566156005859375e+02,
       3.7610590457916260e-02, 8782847, -1 ]
   - [ 1.0897306060791016e+02, 3.6808453369140625e+02,
       3.2393226623535156e+00, 8.2239929199218750e+01,
       3.6853961646556854e-02, 9503999, -1 ]
   - [ 1.6009861755371094e+02, 2.0791354370117188e+02,
       2.2093045711517334e+00, 1.6682305908203125e+02,
       3.6324810236692429e-02, 6030079, -1 ]
   - [ 1.5475640869140625e+02, 2.0758706665039062e+02,
       2.2333743572235107e+00, 3.8600158691406250e+00,
       3.5945385694503784e-02, 7078655, -1 ]
   - [ 1.6659950256347656e+02, 2.4304371643066406e+02,
       2.4550440311431885e+00, 8.1062652587890625e+01,
       3.5648383200168610e-02, 16253695, -1 ]
   - [ 1.6659950256347656e+02, 2.4304371643066406e+02,
       2.4550440311431885e+00, 2.7298162841796875e+02,
       3.5648383200168610e-02, 16253695, -1 ]
   - [ 1.6625413513183594e+02, 2.3272218322753906e+02,
       2.0280835628509521e+00, 2.8272955322265625e+02,
       3.5417221486568451e-02, 14483967, -1 ]
   - [ 1.6625413513183594e+02, 2.3272218322753906e+02,
       2.0280835628509521e+00, 8.0382995605468750e+01,
       3.5417221486568451e-02, 14483967, -1 ]
   - [ 1.6739215087890625e+02, 2.0732992553710938e+02,
       4.0863213539123535e+00, 1.7547958374023438e+02,
       3.5081133246421814e-02, 15204608, -1 ]
   - [ 1.5566691589355469e+02, 2.1437307739257812e+02,
       2.9309558868408203e+00, 2.7406939697265625e+02,
       3.4694585949182510e-02, 16581631, -1 ]
   - [ 1.5637243652343750e+02, 1.9372738647460938e+02,
       1.9850691556930542e+00, 1.3139282226562500e+01,
       3.4400615841150284e-02, 12452351, -1 ]
   - [ 1.5761149597167969e+02, 2.1156790161132812e+02,
       1.8730726242065430e+00, 3.1044921875000000e+00,
       3.4207925200462341e-02, 6816255, -1 ]
   - [ 1.5761149597167969e+02, 2.1156790161132812e+02,
       1.8730726242065430e+00, 1.6907469177246094e+02,
       3.4207925200462341e-02, 6816255, -1 ]
   - [ 1.5909588623046875e+02, 2.7923312377929688e+02,
       2.2871201038360596e+00, 9.3570556640625000e+01,
       3.3908188343048096e-02, 9372415, -1 ]
   - [ 1.5909588623046875e+02, 2.7923312377929688e+02,
       2.2871201038360596e+00, 2.6159725952148438e+02,
       3.3908188343048096e-02, 9372415, -1 ]
   - [ 1.5752650451660156e+02, 3.3172586059570312e+02,
       5.3206048011779785e+00, 1.0794812011718750e+02,
       3.3862255513668060e-02, 7275264, -1 ]
   - [ 1.5753894042968750e+02, 2.4348757934570312e+02,
       2.2633008956909180e+00, 2.6298461914062500e+02,
       3.3758036792278290e-02, 8389375, -1 ]
   - [ 1.5753894042968750e+02, 2.4348757934570312e+02,
       2.2633008956909180e+00, 9.3783508300781250e+01,
       3.3758036792278290e-02, 8389375, -1 ]
   - [ 1.6739344787597656e+02, 3.7910888671875000e+02,
       8.5310306549072266e+00, 3.5915936279296875e+02,
       3.3383365720510483e-02, 2621953, -1 ]
   - [ 1.0874254608154297e+02, 3.5984033203125000e+02,
       3.3005368709564209e+00, 2.7779565429687500e+02,
       3.3303201198577881e-02, 11339007, -1 ]
   - [ 1.5787947082519531e+02, 2.3244636535644531e+02,
       3.2545120716094971e+00, 8.8477813720703125e+01,
       3.3300720155239105e-02, 9962751, -1 ]
