%YAML:1.0
---
KeyPoints:
   - [ 3.7153338623046875e+02, 7.6028892517089844e+01,
       8.7713356018066406e+00, 1.1684844970703125e+02,
       4.6457666903734207e-02, 5308929, -1 ]
   - [ 3.7153338623046875e+02, 7.6028892517089844e+01,
       8.7713356018066406e+00, 2.7967431640625000e+02,
       4.6457666903734207e-02, 5308929, -1 ]
   - [ 3.3654449462890625e+02, 5.2188575744628906e+01,
       1.1016919136047363e+01, 6.9570495605468750e+01,
       4.4881455600261688e-02, 10617601, -1 ]
   - [ 3.3654449462890625e+02, 5.2188575744628906e+01,
       1.1016919136047363e+01, 2.5104228210449219e+02,
       4.4881455600261688e-02, 10617601, -1 ]
   - [ 3.3654449462890625e+02, 5.2188575744628906e+01,
       1.1016919136047363e+01, 2.8854086303710938e+02,
       4.4881455600261688e-02, 10617601, -1 ]
   - [ 3.6981338500976562e+02, 2.4281372070312500e+01,
       9.0462903976440430e+00, 7.3278228759765625e+01,
       4.4596422463655472e-02, 8323585, -1 ]
   - [ 3.6981338500976562e+02, 2.4281372070312500e+01,
       9.0462903976440430e+00, 2.3641378784179688e+02,
       4.4596422463655472e-02, 8323585, -1 ]
   - [ 3.0834848022460938e+02, 5.3516059875488281e+01,
       1.2575018882751465e+01, 2.9142712402343750e+02,
       4.2728401720523834e-02, 6620161, -1 ]
   - [ 3.0834848022460938e+02, 5.3516059875488281e+01,
       1.2575018882751465e+01, 6.3281829833984375e+01,
       4.2728401720523834e-02, 6620161, -1 ]
   - [ 3.2417617797851562e+02, 5.2810058593750000e+01,
       6.7100386619567871e+00, 1.1209393310546875e+02,
       3.6588203161954880e-02, 12911616, -1 ]
   - [ 3.2417617797851562e+02, 5.2810058593750000e+01,
       6.7100386619567871e+00, 2.4435311889648438e+02,
       3.6588203161954880e-02, 12911616, -1 ]
   - [ 3.4848699951171875e+02, 6.6612335205078125e+01,
       1.2971612930297852e+01, 2.8788552856445312e+02,
       3.5962171852588654e-02, 9634817, -1 ]
   - [ 3.4705310058593750e+02, 3.6387016296386719e+01,
       1.3244250297546387e+01, 6.9804870605468750e+01,
       3.5649366676807404e-02, 11666433, -1 ]
   - [ 2.1589346313476562e+02, 1.2320964813232422e+02,
       3.1198709011077881e+00, 1.7607568359375000e+02,
       3.2377492636442184e-02, 5899519, -1 ]
   - [ 2.1589346313476562e+02, 1.2320964813232422e+02,
       3.1198709011077881e+00, 1.2063903808593750e+00,
       3.2377492636442184e-02, 5899519, -1 ]
   - [ 2.1331224060058594e+02, 2.8402517318725586e+01,
       5.1350574493408203e+00, 6.0065795898437500e+01,
       3.2022584229707718e-02, 3801856, -1 ]
   - [ 2.1331224060058594e+02, 2.8402517318725586e+01,
       5.1350574493408203e+00, 1.1785874938964844e+02,
       3.2022584229707718e-02, 3801856, -1 ]
   - [ 2.1331224060058594e+02, 2.8402517318725586e+01,
       5.1350574493408203e+00, 2.3895983886718750e+02,
       3.2022584229707718e-02, 3801856, -1 ]
   - [ 3.1737380981445312e+02, 3.6215490722656250e+02,
       1.9034156799316406e+00, 5.7526763916015625e+01,
       3.1597487628459930e-02, 8389119, -1 ]
   - [ 3.1737380981445312e+02, 3.6215490722656250e+02,
       1.9034156799316406e+00, 2.7337301635742188e+02,
       3.1597487628459930e-02, 8389119, -1 ]
   - [ 3.1737380981445312e+02, 3.6215490722656250e+02,
       1.9034156799316406e+00, 1.1413958740234375e+02,
       3.1597487628459930e-02, 8389119, -1 ]
   - [ 2.8141894531250000e+02, 1.5642178344726562e+02,
       2.4668359756469727e+00, 5.3819580078125000e+00,
       2.9715847223997116e-02, 16712447, -1 ]
   - [ 3.6014160156250000e+02, 6.1685386657714844e+01,
       8.0293979644775391e+00, 1.6818615722656250e+02,
       2.8351895511150360e-02, 13500673, -1 ]
   - [ 3.6014160156250000e+02, 6.1685386657714844e+01,
       8.0293979644775391e+00, 1.1461701965332031e+02,
       2.8351895511150360e-02, 13500673, -1 ]
   - [ 2.0999208068847656e+02, 3.2194423675537109e+01,
       2.7359347343444824e+00, 2.7261386108398438e+02,
       2.7776904404163361e-02, 9962495, -1 ]
   - [ 3.5985931396484375e+02, 4.0192604064941406e+01,
       8.6243219375610352e+00, 2.3432249450683594e+02,
       2.7172558009624481e-02, 3670529, -1 ]
   - [ 3.5985931396484375e+02, 4.0192604064941406e+01,
       8.6243219375610352e+00, 1.8989926147460938e+02,
       2.7172558009624481e-02, 3670529, -1 ]
   - [ 2.2050906372070312e+02, 1.5884599304199219e+02,
       2.9477655887603760e+00, 9.8647308349609375e+01,
       2.6856688782572746e-02, 460031, -1 ]
   - [ 1.5142169189453125e+02, 1.3486277770996094e+02,
       3.7007546424865723e+00, 3.1337036132812500e+02,
       2.6845224201679230e-02, 5636352, -1 ]
   - [ 1.5142169189453125e+02, 1.3486277770996094e+02,
       3.7007546424865723e+00, 4.5809051513671875e+01,
       2.6845224201679230e-02, 5636352, -1 ]
   - [ 2.9003649902343750e+02, 1.5479280090332031e+02,
       4.5766606330871582e+00, 9.5722717285156250e+01,
       2.6557628065347672e-02, 9437696, -1 ]
   - [ 2.0926596069335938e+02, 3.2969276428222656e+01,
       3.6081638336181641e+00, 2.7298458862304688e+02,
       2.6216356083750725e-02, 3211520, -1 ]
   - [ 3.3760992431640625e+02, 5.3347053527832031e+01,
       3.8405040740966797e+01, 2.7844564819335938e+02,
       2.5997372344136238e-02, 14025219, -1 ]
   - [ 2.1702218627929688e+02, 3.1695720672607422e+01,
       2.8118233680725098e+00, 2.5864489746093750e+02,
       2.5741493329405785e-02, 12583935, -1 ]
   - [ 1.4951242065429688e+02, 1.6244093322753906e+02,
       2.2045938968658447e+00, 7.8736206054687500e+01,
       2.5064349174499512e-02, 5833471, -1 ]
   - [ 2.1091874694824219e+02, 1.5774851989746094e+02,
       5.3505945205688477e+00, 8.1096710205078125e+01,
       2.4009428918361664e-02, 7799552, -1 ]
   - [ 2.0953678894042969e+02, 2.4798757553100586e+01,
       3.1103172302246094e+00, 7.6932098388671875e+01,
       2.4007312953472137e-02, 5637375, -1 ]
   - [ 1.5510827636718750e+02, 1.6228831481933594e+02,
       2.1106410026550293e+00, 9.7897979736328125e+01,
       2.3900626227259636e-02, 1639167, -1 ]
   - [ 2.1711062622070312e+02, 2.4172994613647461e+01,
       3.2762756347656250e+00, 9.4743621826171875e+01,
       2.3745609447360039e-02, 10618111, -1 ]
   - [ 1.5606803894042969e+02, 1.6152348327636719e+02,
       3.3212049007415771e+00, 9.4941589355468750e+01,
       2.3634415119886398e-02, 11928831, -1 ]
   - [ 3.6672244262695312e+02, 5.0383895874023438e+01,
       1.7848514556884766e+01, 1.4824607849121094e+02,
       2.3604070767760277e-02, 7012866, -1 ]
   - [ 3.6672244262695312e+02, 5.0383895874023438e+01,
       1.7848514556884766e+01, 2.0306002807617188e+02,
       2.3604070767760277e-02, 7012866, -1 ]
   - [ 2.0886955261230469e+02, 2.4213005065917969e+01,
       3.8177692890167236e+00, 7.6093566894531250e+01,
       2.3270392790436745e-02, 8651008, -1 ]
   - [ 1.8118138122558594e+02, 1.6043560791015625e+02,
       3.4729366302490234e+00, 8.3574310302734375e+01,
       2.3244557902216911e-02, 16254207, -1 ]
   - [ 3.5122640991210938e+02, 3.8231301879882812e+02,
       3.3086163997650146e+00, 9.8403320312500000e+00,
       2.3212809115648270e-02, 11601151, -1 ]
   - [ 3.5122640991210938e+02, 3.8231301879882812e+02,
       3.3086163997650146e+00, 1.7378411865234375e+02,
       2.3212809115648270e-02, 11601151, -1 ]
   - [ 1.8801890563964844e+02, 1.6077201843261719e+02,
       2.1300337314605713e+00, 9.6689849853515625e+01,
       2.3106094449758530e-02, 2556671, -1 ]
   - [ 1.8064797973632812e+02, 1.6010603332519531e+02,
       4.0018029212951660e+00, 8.1755401611328125e+01,
       2.3082006722688675e-02, 13238528, -1 ]
   - [ 2.1805175781250000e+02, 2.3099077224731445e+01,
       4.3051390647888184e+00, 9.7171356201171875e+01,
       2.2947896271944046e-02, 3539456, -1 ]
   - [ 1.8813659667968750e+02, 1.6066633605957031e+02,
       2.3725972175598145e+00, 9.5812957763671875e+01,
       2.2866815328598022e-02, 12911359, -1 ]
   - [ 2.2445745849609375e+02, 1.5625144958496094e+02,
       7.1263780593872070e+00, 9.5755401611328125e+01,
       2.2755539044737816e-02, 2031873, -1 ]
