%YAML:1.0
---
Descriptors: !!opencv-matrix
   rows: 100
   cols: 128
   dt: f
   data: [ 1., 5., 2., 1., 1., 16., 137., 2., 0., 11., 23., 9., 3., 25.,
       123., 1., 1., 7., 37., 9., 1., 28., 108., 1., 0., 0., 18., 17.,
       2., 30., 116., 1., 0., 0., 1., 18., 24., 4., 20., 0., 9., 27.,
       59., 140., 82., 8., 16., 0., 104., 107., 51., 21., 3., 5., 30.,
       5., 21., 3., 0., 0., 0., 7., 65., 11., 0., 0., 0., 25., 83., 1.,
       0., 0., 65., 13., 7., 116., 140., 0., 0., 7., 140., 29., 6., 12.,
       12., 0., 0., 41., 40., 1., 0., 2., 1., 0., 0., 13., 0., 0., 0.,
       22., 107., 1., 0., 0., 87., 0., 0., 52., 140., 0., 0., 17., 140.,
       0., 0., 1., 4., 0., 0., 48., 23., 2., 0., 12., 13., 0., 0., 3.,
       3., 0., 0., 0., 88., 25., 0., 0., 68., 15., 0., 0., 143., 63., 0.,
       0., 143., 62., 0., 0., 9., 3., 0., 0., 26., 7., 0., 0., 0., 0.,
       0., 0., 2., 0., 0., 1., 70., 22., 0., 1., 45., 6., 0., 0., 143.,
       125., 9., 7., 143., 42., 0., 0., 22., 20., 9., 32., 54., 7., 1.,
       0., 0., 0., 1., 3., 0., 0., 9., 11., 30., 8., 0., 0., 6., 0., 15.,
       8., 87., 143., 55., 17., 104., 5., 31., 6., 5., 29., 65., 116.,
       28., 3., 67., 22., 0., 0., 0., 8., 0., 1., 120., 41., 1., 0., 0.,
       1., 2., 2., 132., 32., 3., 8., 12., 13., 2., 1., 105., 27., 0.,
       3., 38., 16., 0., 1., 86., 37., 1., 12., 41., 1., 3., 3., 28., 1.,
       0., 11., 121., 3., 5., 17., 35., 8., 2., 10., 115., 6., 1., 7.,
       7., 10., 8., 21., 131., 3., 2., 22., 4., 0., 0., 8., 131., 4., 0.,
       2., 125., 2., 1., 22., 83., 0., 11., 48., 131., 15., 26., 37.,
       37., 2., 100., 115., 43., 2., 3., 3., 46., 6., 13., 2., 0., 0.,
       0., 3., 69., 5., 0., 0., 47., 12., 14., 37., 101., 0., 54., 11.,
       17., 41., 131., 81., 22., 5., 131., 26., 3., 3., 21., 3., 0., 25.,
       26., 1., 0., 0., 1., 1., 0., 5., 0., 1., 108., 21., 7., 16., 41.,
       0., 67., 2., 26., 91., 90., 29., 6., 7., 131., 2., 0., 4., 8., 1.,
       0., 25., 15., 0., 0., 0., 1., 1., 1., 2., 0., 0., 70., 31., 6.,
       19., 91., 8., 64., 8., 12., 52., 91., 96., 27., 2., 140., 35., 0.,
       2., 10., 7., 1., 2., 29., 4., 3., 1., 0., 0., 2., 1., 0., 1., 94.,
       30., 11., 17., 84., 11., 47., 3., 24., 76., 140., 85., 24., 7.,
       140., 31., 2., 7., 37., 8., 3., 20., 38., 8., 52., 57., 15., 5.,
       2., 1., 0., 0., 109., 25., 1., 1., 111., 13., 10., 0., 26., 53.,
       41., 19., 140., 48., 131., 4., 3., 4., 13., 6., 65., 133., 17.,
       2., 12., 27., 34., 46., 36., 5., 0., 0., 0., 0., 0., 2., 84., 7.,
       0., 0., 0., 0., 0., 2., 87., 16., 2., 1., 3., 0., 0., 1., 49.,
       19., 1., 1., 4., 0., 0., 3., 28., 11., 0., 0., 3., 5., 0., 0., 0.,
       0., 0., 1., 29., 17., 0., 0., 0., 0., 0., 9., 24., 10., 13., 0.,
       0., 0., 0., 1., 0., 21., 131., 0., 0., 0., 2., 3., 2., 29., 23.,
       0., 0., 0., 8., 26., 85., 140., 68., 0., 0., 0., 79., 122., 75.,
       23., 13., 0., 0., 1., 9., 8., 1., 34., 140., 0., 0., 0., 6., 1.,
       0., 16., 84., 1., 0., 1., 59., 11., 7., 90., 140., 0., 0., 7.,
       140., 30., 6., 12., 29., 0., 0., 37., 19., 2., 0., 30., 140., 1.,
       0., 4., 4., 0., 0., 16., 94., 0., 0., 1., 75., 0., 0., 36., 140.,
       0., 0., 15., 140., 0., 0., 4., 28., 0., 0., 46., 8., 0., 0., 27.,
       140., 0., 0., 2., 113., 23., 0., 0., 53., 9., 0., 0., 54., 11.,
       0., 1., 144., 39., 0., 0., 144., 51., 0., 0., 15., 2., 0., 0.,
       30., 8., 0., 1., 21., 4., 0., 0., 144., 37., 0., 1., 40., 7., 0.,
       0., 44., 6., 0., 1., 144., 86., 7., 8., 144., 36., 0., 0., 28.,
       17., 8., 35., 57., 8., 0., 0., 7., 5., 1., 6., 144., 28., 0., 0.,
       9., 8., 1., 3., 25., 2., 0., 0., 65., 136., 75., 21., 83., 1., 0.,
       0., 5., 27., 87., 142., 25., 0., 0., 0., 0., 1., 1., 27., 144.,
       34., 1., 1., 2., 1., 0., 0., 43., 7., 0., 0., 0., 8., 20., 6., 2.,
       0., 0., 0., 0., 1., 24., 21., 0., 0., 0., 0., 0., 0., 3., 6., 0.,
       0., 0., 0., 58., 61., 65., 2., 73., 9., 0., 0., 144., 101., 8.,
       1., 144., 40., 0., 0., 15., 5., 0., 0., 36., 5., 0., 0., 19., 4.,
       0., 0., 0., 1., 1., 1., 78., 22., 0., 0., 50., 4., 0., 0., 144.,
       111., 9., 8., 144., 31., 0., 0., 27., 15., 9., 28., 50., 9., 0.,
       1., 32., 3., 0., 1., 1., 1., 2., 1., 27., 15., 0., 0., 7., 0., 1.,
       1., 94., 144., 75., 20., 93., 1., 0., 1., 11., 28., 87., 122.,
       24., 7., 0., 6., 43., 1., 1., 9., 0., 0., 113., 19., 1., 1., 0.,
       0., 0., 3., 144., 19., 1., 17., 19., 1., 3., 38., 102., 8., 6.,
       4., 24., 9., 9., 10., 4., 3., 37., 6., 0., 1., 25., 0., 0., 5.,
       22., 1., 0., 13., 18., 5., 21., 8., 4., 31., 23., 10., 1., 18.,
       18., 1., 2., 74., 148., 1., 1., 1., 0., 0., 0., 53., 148., 0.,
       25., 0., 0., 11., 33., 2., 0., 16., 15., 27., 77., 142., 77., 0.,
       0., 4., 111., 140., 72., 22., 4., 1., 3., 2., 27., 11., 0., 0.,
       0., 3., 14., 2., 25., 0., 0., 17., 68., 0., 0., 7., 60., 8., 8.,
       105., 148., 0., 0., 6., 148., 28., 7., 13., 17., 0., 0., 36., 52.,
       1., 0., 0., 1., 1., 1., 7., 20., 0., 0., 19., 80., 0., 0., 2.,
       77., 6., 1., 58., 148., 0., 0., 7., 148., 31., 4., 3., 7., 0., 0.,
       24., 29., 14., 12., 0., 1., 1., 0., 2., 4., 1., 1., 3., 97., 15.,
       0., 0., 83., 20., 0., 0., 158., 48., 0., 0., 158., 62., 0., 0.,
       18., 4., 0., 1., 37., 5., 0., 0., 27., 10., 0., 1., 12., 1., 0.,
       0., 78., 25., 0., 1., 67., 6., 0., 0., 158., 117., 7., 10., 158.,
       28., 0., 0., 28., 17., 7., 34., 55., 3., 0., 0., 37., 18., 1., 5.,
       5., 0., 0., 1., 26., 21., 1., 4., 11., 0., 0., 0., 99., 158., 94.,
       31., 120., 1., 0., 0., 9., 30., 92., 158., 27., 2., 0., 0., 53.,
       19., 2., 15., 0., 0., 0., 1., 2., 4., 4., 0., 1., 1., 0., 0., 0.,
       13., 28., 6., 5., 3., 0., 0., 3., 2., 22., 24., 4., 1., 0., 0.,
       50., 12., 1., 2., 52., 1., 1., 4., 19., 0., 0., 8., 20., 2., 25.,
       19., 4., 1., 0., 3., 0., 12., 30., 7., 4., 1., 0., 0., 0., 7., 5.,
       0., 0., 0., 0., 0., 58., 2., 1., 19., 30., 0., 0., 5., 19., 26.,
       96., 157., 95., 0., 0., 1., 120., 151., 103., 33., 7., 0., 0., 1.,
       27., 15., 2., 1., 0., 0., 0., 2., 45., 3., 1., 26., 66., 0., 0.,
       2., 64., 8., 8., 133., 157., 0., 0., 8., 157., 31., 8., 18., 25.,
       0., 0., 43., 56., 4., 1., 9., 13., 0., 0., 4., 30., 0., 0., 15.,
       84., 0., 0., 4., 82., 0., 0., 46., 157., 0., 0., 19., 157., 0.,
       0., 2., 12., 0., 0., 66., 24., 2., 0., 7., 30., 1., 1., 5., 0.,
       0., 34., 8., 4., 18., 110., 1., 27., 24., 45., 20., 80., 73., 29.,
       0., 139., 64., 12., 2., 13., 4., 1., 2., 22., 2., 0., 1., 6., 1.,
       4., 3., 0., 0., 124., 35., 6., 10., 48., 1., 51., 6., 34., 113.,
       132., 45., 13., 1., 139., 14., 0., 10., 23., 4., 0., 2., 37., 1.,
       0., 0., 9., 1., 1., 1., 0., 1., 57., 12., 4., 18., 122., 7., 47.,
       1., 16., 46., 125., 115., 38., 5., 139., 10., 3., 6., 25., 12.,
       1., 9., 35., 4., 37., 21., 5., 1., 1., 1., 0., 1., 97., 13., 2.,
       2., 52., 2., 15., 0., 28., 54., 56., 18., 76., 24., 132., 4., 2.,
       9., 18., 7., 26., 73., 10., 2., 37., 40., 18., 22., 22., 1., 0.,
       0., 33., 6., 8., 6., 59., 8., 5., 6., 20., 54., 130., 4., 16., 6.,
       99., 58., 19., 18., 29., 0., 0., 5., 47., 7., 0., 0., 0., 0., 0.,
       10., 0., 2., 143., 16., 2., 0., 32., 1., 21., 12., 143., 130.,
       51., 8., 29., 3., 143., 28., 14., 24., 14., 1., 3., 17., 77., 0.,
       0., 0., 0., 0., 0., 17., 0., 1., 40., 2., 1., 7., 143., 13., 18.,
       3., 27., 10., 30., 127., 143., 13., 143., 6., 2., 1., 12., 33.,
       23., 32., 91., 1., 0., 0., 0., 0., 0., 2., 1., 1., 2., 0., 3., 3.,
       40., 4., 2., 0., 1., 1., 97., 75., 21., 3., 105., 1., 0., 0., 34.,
       36., 13., 37., 57., 7., 0., 0., 0., 0., 0., 4., 6., 10., 2., 12.,
       86., 5., 0., 0., 68., 13., 0., 12., 136., 25., 3., 19., 136., 39.,
       0., 0., 3., 2., 32., 70., 11., 6., 0., 0., 0., 1., 61., 14., 8.,
       5., 1., 5., 66., 27., 1., 3., 62., 16., 0., 3., 136., 115., 4.,
