%YAML:1.0
---
Descriptors: !!opencv-matrix
   rows: 100
   cols: 128
   dt: f
   data: [ 1., 0., 0., 0., 0., 0., 1., 3., 0., 0., 0., 0., 0., 2., 25.,
       22., 2., 0., 0., 0., 0., 17., 28., 6., 4., 0., 0., 0., 0., 2., 1.,
       2., 24., 0., 0., 0., 0., 0., 1., 20., 107., 2., 0., 0., 4., 25.,
       78., 147., 10., 0., 0., 0., 89., 147., 85., 33., 1., 0., 0., 0.,
       19., 23., 3., 4., 45., 4., 0., 0., 0., 0., 1., 14., 147., 39., 0.,
       0., 17., 15., 7., 51., 69., 7., 0., 0., 147., 136., 8., 13., 0.,
       0., 0., 0., 72., 32., 2., 2., 8., 0., 0., 0., 0., 5., 61., 102.,
       144., 10., 5., 1., 7., 5., 30., 147., 42., 4., 3., 1., 147., 87.,
       2., 34., 0., 0., 0., 0., 100., 35., 0., 0., 24., 1., 1., 1., 1.,
       0., 0., 2., 147., 2., 1., 4., 4., 0., 0., 51., 99., 5., 45., 147.,
       55., 12., 6., 16., 0., 1., 147., 115., 7., 5., 13., 4., 48., 6.,
       3., 3., 0., 0., 0., 3., 147., 31., 8., 20., 21., 0., 0., 40., 59.,
       9., 13., 147., 147., 0., 0., 7., 0., 0., 31., 59., 50., 0., 0.,
       0., 23., 18., 3., 2., 1., 0., 0., 0., 114., 140., 95., 35., 5.,
       0., 0., 1., 8., 20., 84., 147., 82., 0., 0., 0., 0., 0., 1., 27.,
       20., 0., 0., 0., 0., 2., 1., 3., 3., 0., 0., 0., 0., 15., 31., 4.,
       0., 0., 0., 0., 0., 2., 27., 17., 0., 0., 0., 0., 0., 0., 1., 7.,
       1., 0., 0., 0., 120., 6., 0., 11., 15., 3., 1., 4., 65., 2., 3.,
       5., 54., 119., 24., 6., 0., 1., 2., 1., 9., 82., 115., 20., 3.,
       0., 0., 14., 8., 5., 52., 120., 120., 10., 1., 4., 4., 0., 0., 3.,
       95., 22., 34., 72., 51., 28., 10., 5., 52., 59., 35., 32., 9.,
       28., 77., 25., 7., 3., 2., 120., 42., 4., 41., 30., 120., 6., 0.,
       0., 2., 1., 1., 4., 97., 6., 3., 14., 76., 50., 30., 30., 44.,
       12., 6., 120., 32., 10., 18., 72., 3., 1., 2., 120., 36., 0., 0.,
       0., 118., 27., 2., 0., 0., 0., 2., 3., 75., 37., 31., 62., 16.,
       17., 19., 8., 0., 0., 3., 120., 45., 4., 7., 4., 0., 0., 0., 35.,
       10., 1., 1., 0., 11., 1., 1., 0., 0., 0., 0., 35., 53., 4., 8.,
       5., 0., 0., 4., 120., 16., 17., 19., 8., 81., 41., 29., 55., 0.,
       0., 2., 3., 114., 27., 1., 0., 43., 0., 0., 0., 3., 1., 2., 120.,
       38., 11., 18., 72., 45., 12., 5., 118., 76., 51., 30., 29., 99.,
       9., 3., 13., 2., 1., 0., 3., 120., 11., 0., 0., 50., 3., 36., 28.,
       7., 3., 2., 120., 10., 25., 77., 26., 53., 60., 36., 33., 52.,
       30., 12., 5., 90., 24., 34., 72., 4., 0., 0., 2., 120., 17., 1.,
       4., 11., 5., 49., 120., 5., 0., 0., 17., 7., 73., 120., 25., 1.,
       1., 2., 1., 52., 120., 30., 5., 57., 3., 2., 5., 15., 5., 1., 3.,
       120., 10., 0., 9., 122., 8., 3., 2., 0., 0., 5., 30., 56., 11.,
       20., 16., 13., 88., 35., 30., 0., 4., 5., 2., 27., 122., 2., 0.,
       3., 1., 1., 1., 9., 36., 0., 1., 122., 13., 1., 2., 3., 0., 0.,
       0., 82., 41., 37., 48., 70., 17., 3., 3., 42., 78., 18., 7., 20.,
       122., 5., 10., 7., 2., 0., 0., 24., 122., 2., 1., 122., 10., 0.,
       0., 2., 1., 0., 3., 101., 8., 7., 25., 46., 73., 40., 20., 54.,
       24., 77., 38., 7., 29., 36., 52., 7., 33., 59., 7., 27., 122., 1.,
       2., 122., 13., 1., 1., 1., 0., 0., 0., 83., 12., 14., 100., 61.,
       5., 4., 2., 0., 8., 96., 105., 21., 1., 2., 1., 0., 107., 64., 7.,
       3., 8., 0., 0., 0., 0., 3., 9., 29., 49., 5., 0., 0., 0., 0., 3.,
       29., 56., 30., 4., 0., 0., 0., 0., 0., 17., 26., 1., 0., 0., 0.,
       0., 0., 3., 4., 2., 9., 1., 42., 48., 40., 29., 2., 2., 95., 3.,
       7., 21., 32., 45., 84., 83., 9., 0., 0., 0., 73., 138., 77., 18.,
       0., 0., 0., 0., 14., 20., 7., 3., 24., 2., 3., 34., 136., 49., 2.,
       0., 138., 27., 1., 4., 33., 18., 6., 21., 59., 4., 0., 0., 138.,
       138., 10., 8., 0., 0., 0., 0., 41., 47., 25., 1., 15., 2., 0.,
       77., 100., 0., 0., 0., 138., 36., 0., 4., 8., 4., 1., 3., 90.,
       10., 5., 10., 51., 138., 41., 6., 0., 4., 9., 4., 7., 106., 138.,
       2., 6., 85., 50., 7., 0., 0., 0., 0., 130., 137., 25., 5., 6., 1.,
       4., 10., 38., 33., 3., 90., 137., 0., 2., 4., 8., 0., 0., 32.,
       87., 0., 0., 36., 36., 12., 7., 1., 0., 0., 0., 3., 137., 46., 6.,
       16., 18., 0., 0., 39., 65., 11., 6., 129., 137., 0., 0., 10., 82.,
       6., 0., 19., 50., 0., 0., 121., 17., 21., 5., 1., 0., 0., 0., 0.,
       99., 137., 69., 24., 5., 0., 0., 2., 33., 35., 65., 117., 85., 2.,
       22., 27., 76., 29., 0., 5., 11., 5., 33., 33., 0., 4., 1., 0., 0.,
       0., 0., 0., 6., 29., 20., 1., 0., 0., 0., 0., 95., 54., 14., 3.,
       0., 1., 11., 29., 18., 8., 0., 0., 0., 3., 20., 16., 0., 0., 6.,
       6., 0., 0., 50., 45., 3., 0., 17., 28., 1., 2., 41., 63., 4., 0.,
       6., 93., 22., 12., 8., 16., 0., 0., 2., 25., 11., 1., 0., 0., 16.,
       4., 61., 58., 0., 0., 16., 16., 113., 8., 31., 24., 1., 21., 74.,
       120., 10., 1., 2., 18., 19., 151., 105., 30., 1., 0., 2., 5., 13.,
       99., 0., 0., 46., 10., 17., 16., 0., 0., 0., 1., 151., 59., 13.,
       14., 6., 6., 10., 38., 45., 42., 62., 50., 40., 151., 17., 12.,
       8., 12., 4., 1., 19., 151., 5., 1., 29., 7., 3., 2., 0., 0., 0.,
       0., 151., 36., 2., 6., 12., 11., 3., 5., 73., 32., 26., 31., 40.,
       61., 35., 27., 42., 22., 48., 11., 10., 133., 14., 19., 38., 1.,
       9., 17., 1., 1., 1., 10., 151., 4., 3., 15., 17., 8., 2., 39.,
       66., 29., 32., 61., 43., 32., 27., 30., 37., 20., 16., 151., 10.,
       8., 43., 19., 61., 1., 0., 0., 0., 3., 12., 14., 151., 43., 13.,
       9., 8., 18., 12., 54., 35., 11., 18., 151., 47., 53., 53., 34.,
       6., 1., 5., 151., 17., 1., 2., 8., 20., 5., 9., 2., 0., 7., 93.,
       18., 103., 120., 83., 28., 2., 19., 32., 8., 7., 23., 94., 151.,
       19., 19., 8., 1., 0., 0., 0., 78., 9., 7., 5., 0., 0., 15., 55.,
       26., 3., 3., 16., 4., 0., 54., 53., 2., 1., 25., 19., 0., 0., 25.,
       21., 10., 4., 64., 46., 0., 0., 3., 2., 1., 1., 53., 40., 0., 0.,
       2., 22., 67., 45., 40., 4., 3., 52., 31., 59., 45., 7., 18., 1.,
       0., 124., 43., 6., 1., 61., 8., 0., 0., 1., 0., 0., 0., 130., 19.,
       0., 0., 1., 70., 0., 2., 21., 130., 0., 0., 63., 8., 0., 1., 6.,
       130., 12., 8., 130., 20., 0., 0., 55., 15., 5., 9., 6., 1., 0.,
       0., 130., 27., 0., 0., 3., 130., 0., 0., 0., 21., 0., 0., 11.,
       85., 0., 0., 1., 130., 31., 10., 86., 4., 0., 0., 40., 37., 38.,
       50., 6., 0., 0., 0., 130., 30., 0., 2., 4., 86., 0., 0., 0., 0.,
       0., 0., 4., 130., 2., 0., 0., 6., 6., 1., 4., 63., 28., 18., 23.,
       7., 16., 13., 0., 0., 7., 39., 130., 11., 1., 1., 5., 0., 0., 0.,
       0., 0., 0., 71., 17., 1., 5., 5., 0., 0., 1., 132., 7., 14., 15.,
       6., 23., 19., 26., 64., 0., 1., 1., 6., 132., 41., 6., 0., 14.,
       0., 0., 14., 1., 0., 0., 132., 15., 9., 26., 132., 3., 0., 0.,
       96., 86., 53., 37., 37., 37., 0., 0., 3., 7., 3., 0., 17., 132.,
       0., 0., 0., 5., 0., 0., 118., 24., 1., 0., 90., 54., 7., 10.,
       132., 13., 1., 0., 6., 132., 11., 6., 14., 44., 0., 0., 14., 10.,
       0., 0., 17., 132., 0., 0., 1., 0., 2., 5., 39., 51., 64., 16., 4.,
       45., 1., 1., 22., 11., 53., 54., 23., 132., 0., 0., 3., 44., 1.,
       8., 39., 4., 0., 0., 14., 132., 0., 0., 1., 42., 4., 5., 3., 0.,
       0., 0., 0., 143., 23., 12., 14., 9., 4., 2., 11., 29., 36., 44.,
       31., 34., 94., 5., 6., 10., 7., 1., 0., 26., 143., 3., 2., 52.,
       7., 3., 2., 0., 0., 0., 0., 143., 13., 2., 9., 14., 23., 7., 14.,
       61., 23., 43., 53., 27., 64., 45., 38., 27., 30., 84., 14., 27.,
       134., 6., 14., 48., 7., 1., 2., 2., 0., 0., 0., 143., 42., 5.,
       37., 24., 2., 1., 3., 26., 10., 72., 143., 90., 8., 6., 3., 0.,
       99., 143., 38., 6., 5., 0., 0., 17., 11., 2., 6., 1., 0., 0., 0.,
       97., 90., 40., 34., 18., 0., 0., 0., 5., 10., 25., 100., 90., 0.,
       0., 0., 0., 11., 13., 12., 7., 0., 0., 0., 7., 0., 4., 12., 28.,
       17., 0., 1., 65., 1., 3., 9., 36., 60., 48., 42., 3., 0., 0., 0.,
       63., 101., 26., 6., 0., 0., 0., 0., 2., 5., 16., 19., 25., 3., 4.,
